2
1
1
0
0
0
0
2
3
1
0
0
1
2
1
2
3
2
0
2
0
0
0
0
25
1
0
0
0
0
0
1
0
0
0
0
0
0
3
10
0
0
0
1
2
0
0
0
0
0
2
0
2
0
1
2
5
7
11
2
3
3
8
3
2
4
2
2
0
1
0
0
0
4
3
0
0
1
0
1
1
1
1
1
2
4
1
2
2
2
0
0
1
0
0
0
0
1
26
2
14
1
2
1
2
2
3
1
3
0
1
1
0
0
1
6
1
0
0
0
1
2
41
1
0
1
0
0
0
0
0
0
0
1
1
0
0
4
1
1
0
2
0
1
1
0
5
0
1
0
0
1
0
1
0
0
0
11
0
1
1
0
0
0
0
2
0
0
0
0
0
0
0
2
0
5
0
1
8
0
0
1
0
0
0
1
0
0
0
0
0
0
0
0
0
0
0
0
3
0
0
0
0
0
0
1
0
0
0
0
0
0
0
1
1
0
0
0
0
0
0
2
0
0
0
0
0
1
0
2
12
21
7
0
0
0
0
0
1
1
0
0
0
0
1
0
0
0
0
0
0
0
0
0
0
0
0
0
0
0
0
0
0
0
0
0
0
176
0
1
2
0
0
0
0
0
0
0
2
0
1
0
0
1
1
0
0
0
0
0
0
0
0
0
1
1
1
1
1
2
1
1
0
1
